[NODAL_TRAN_MATRIX]
0	0	0	0	0	0	0	0
0	0	125.862069	0	0	0	0	0
0	0	0	23.804348	0	134.891304	0	0
0	0	0	0	62.931034	0	0	62.931034
0	0	0	0	0	0	45.061728	0
0	0	0	0	0	0	0	125.862069
0	0	0	0	0	0	0	12.166667
0	0	0	0	0	0	0	0

[EDGED_TRAN_MATRIX]

0	3.513125	0	0	0	0	0	0
0	0	0	0	0	0	0	0
0	0	0	0	0	0	0	0
0	0	0	0	0	0	0	0
0	0	0	0	0	0	0	0
0	0	0	0	0	0	0	0
0	0	0	0	0	0	0	0
0	0	0	0	0	0	0	0

0	6.3875	0	0	0	0	0	0
0	0	0	0	0	0	0	0
0	0	0	0	0	0	0	0
0	0	0	0	0	0	0	0
0	0	0	0	0	0	0	0
0	0	0	0	0	0	0	0
0	0	0	0	0	0	0	0
0	0	0	0	0	0	0	0

0	6.3875	0	0	0	0	0	0
0	0	0	0	0	0	0	0
0	0	0	0	0	0	0	0
0	0	0	0	0	0	0	0
0	0	0	0	0	0	0	0
0	0	0	0	0	0	0	0
0	0	0	0	0	0	0	0
0	0	0	0	0	0	0	0

0	3.513125	0	0	0	0	0	0
0	0	0	0	0	0	0	0
0	0	0	0	0	0	0	0
0	0	0	0	0	0	0	0
0	0	0	0	0	0	0	0
0	0	0	0	0	0	0	0
0	0	0	0	0	0	0	0
0	0	0	0	0	0	0	0

[STATUS_BEGIN]
0

[INDUCER_LIST]
2 3 4 5

[SIM_ROUNDS]
1

[INTERVAL_NUM]
1

[MAX_TIME]
0.273973

[MAX_EVENTS]
2147483647

[DIRECTED]
0

[SHOW_INDUCER]
1

[DATA_FILE]
network.txt
network.txt
network.txt
network.txt

[STATUS_FILE]
status.txt

[OUT_FILE]
output.txt

[NETWORK_INFO]
0
0 4999999
39999964
39999964
39999964
39999964

